# A province can belong to several regions.

########################################
# EUROPE                               #
########################################

spanish_region = {
197	206	207	208	209	210	211	212	213	214	215	216	217	218	219	220	221	222	223	224	225
226	333 366 1745 1746 1747 1748 1749 1750 2600 2601 2599
}

iberian_peninsula = {
206 207 208 209 210 211 212 213 214 215 216 217 218 219 220 221 222 223 224 225 226 227 228 229
230 231 232 1745 1746 1747 1748 1749 1750 333 1851 2600 2601 2599
}

andalusia = {
221 222 223 224 225 226 1748 1749
}

italian_region = {
101 102 103 104 105 106 107 108 109 110 111 112 113 114 115 116 117 118 119 120 121
122 123 124 125 126 127 205 1247 1774 1862 1875 1933 1934
}

lombardia = {
101 102 103 104 105 106 107 108 109 110 111 112 113 114 115 116 117 119 127 205 1247 1774 1862 1875
}

two_sicilies = {
120 121 122 123 124 125 126 1933 1934
}

the_low_countries = {
88 90 91 92 93 94 95 96 97 98 99 100 1742 1743 1744 1865 1866 2018 2010
}
 
spanish_netherlands = {
88 90 91 92 93 94 1742 1743 1744 1865 1866 2010
}

german_region = {
44 45 46 47 48 49 50 51 52 53 54 55 56 57 58 59 60 61 62 63 64 65 66 67 68 69 70 71 72 73 74 
75 76 77 78 79 80 81 82 83 84 85 86 128 129 132 133 134 267 1757 1758 1759 1760 
1761 1762 1763 1768 1769 1770 1771 1775 1857 1858 1863 1868 1872 1874 
1876 1878 1880 1931
}

western_balkans = {
129 130 131 136 137 138 139 140 141 142 143 144 145 146 147 148 152 163 164 1766 1767 1769
1773 1826 1827 1828 1831 1853 2121 2156
}

eastern_balkans = {
149 150 151 159 160 161 2006 1756 1764 1765 268 2603 2604 2007 2012 2013 2154
}

croatian_region = {
129 130 131 136 152 1767 1769 1826
}

serbian_region = {
137 138 139 140 141 1766 1827 1828 1831 2121
}

greece_region = {
142 143 144 145 146 147 148 149 151 163 164 1773 1853 2156 2007 2012
}

dacia = {
158 160 161 2006 1756 268 2013 2154
}

bulgarian_region = {
150 159 1764 1765 2603 2604
}

anatolia = {
316 317 318 319 320 2369 2360 322 323 324 325 326 327 328 329 330 332 1846 1848 2365 2361 2363 2364 2366 2362 2125
}

asia_minor = {
316 317 318 319 320 321 2369 2360 2125
}

#turkey = {
#	316 317 318 319 320 321 322 323 324 325 326 327 328 329 330 331 332 1846 1848 2369 2360 2365 2361 2363 2364 2366 2368 2362 2268
#}

wielkopolska = {
40 41 42 43 254 255 256 257 269 2837 1841 1859 1938 2155
}

malopolska = {
258 259 260 261 262 1939 1940 2602
}

the_baltics = {
35 36 37 38 39 273 1834 1842 1935
}

lithuanian_region = {
270 271 272 2149 1936 1937 
}

belarus = {
275 276 277 278 292 1941
}

hungarian_region = {
135 153 154 155 156 157 158 162 1772 1864 1951 1952 1953 1954
}

ukrainian_region = {
279 280 281 282 283 289 290 291 298 1942 1943 1944 1945 2607 2606 2610 
}

icelandic_region = {
370 371
}

shetland_and_faroarna = {
1978 1979
}

british_isles = {
233 234 235 236 237 238 239 240 241 242 243 244 245 246 247 248 249
250 251 252 253 369 372 373 374 375 376 1860 1861
}

great_britain_region = {
233 234 235 236 237 238 239 240 241 242 243 244 245 246 247 248 249
250 251 252 253 369 1860 1861
}

irish_region = {
372 373 374 375 376
}

highlands = {
252 253 369
}

lowlands = {
248 249 250 251
}

northumbria = {
244 245 246 247
}

mercia = {
234 237 239 240 243 1860 1861
}

welsh_region = {
233 241 242
}

essex = {
235 236 238
}

french_region = {
87 89 167 168 169 170 171 172 173 174 175 176 177 178 179 180 181 182 183 184 185 186 187 188 189
190 191 192 193 194 195 196 197 198 199 200 201 202 203 204 1877 1879 2598
}

gallia = {
87 89 167 168 177 178 179 182 183 184 185 186 190 191 192 193 1877 1879
}

breton_region = {
169 170 171 172
}

aquitania = {
173 174 175 176 180 194
}

occitania = {
195 196 197 198 199 200 201 202 203 204 2598
}

scandinavian_region = {
1 2 3 4 5 6 7 8 9 10 11 12 13 14 15 16 17 18 19 20 21 22 23 24 25 26 27 28 29 30 31 32 315 1930 1981 1982 1983 1984 1985 2005 2017 3088
}

swedish_region = {
1 2 3 4 5 6 7 8 9 10 11 16 18 25 26 1982 1985
}

finnish_region = {
19 27 28 29 30 31 32 1930 2005
}

danish_region = {
12 13 14 15 1981 1983 1984 2017
}

norwegian_region = {
17 20 21 22 23 24 315 3088
}

franconia = {
58 61 62 63 66 78 79 81 1876
}

lotharingia = {
75 80 83 84 85 86 187 188 189 1760 1761 1878 1880
}

swabia = {
64 65 67 68 69 70 71 72 74 77 1757 1868 1872
}

helvetia = {
165 166 1867 1869 1870 1871 1873
}

austrian_region = {
73 110 128 132 133 134 1768 1770 1863
}

bohemian_region = {
60 263 264 265 266 267 1763 1771
}

westphalian_region = {
52 53 56 57 81 82 83 86 1758 1762
}

russian_region = {
32 33 34 274 275 283 284 285 286 287 288 289 290 291 292 293 294 295 296 297 298 299 300 301 302 303 304
305 306 307 308 309 310 311 312 313 314 467 473 2605 1082 1083 1752 1753 1754 1755 1776 1777 1778 1079 1077
1081 1945 1955 1956 1957 1958 1959 1960 1961 1962 1963 1964 1974 1972 1971 1944
    2607 2606 2613 2612 2608 2610 2609 2611 2615 2618 2839 2838 2621 475 2118 2614 2844 1780
}

western_siberia = {
305 470 471 472 473 474 475 479 480 1061 1062 1063 1064 1065 1067 1068 1069 1070 1071 1072 1073 1074 1075
1076 1077 1078 1079 1080 1081 1082 1780 1965 1972 1966 1962 1963
2438 2449 2451 2448 478 1066 2440 2439 465 2840 2843 2900 2901 2841 2842 2894 2895 2897 2902 2896 2903 2899 2119 1781
}

eastern_siberia = {
1032 1033 1034 1035 1036 1037 1038 1039 1040 1041 1042 1043 1044 1045 1046 1047 1048
1051 1052 1053 1054 1055 1056 1057 1058 1059 1060 2909
2906 2907 2908 2910 2911 2904 2905 2912 1782 1783
}

kaffa_and_azow = {
285 286
}

danelaw = {
245 246 243 1860
}

########################################
# ASIA                                 #
########################################

mongolia = {
2550 2551 2886 722 723 2549 701 709 724
2893 2889 2892 2891 721 720 2890 718 719 716 2898 1058 717 702
}

manchuria = {
2909 2560 2562 1850 2563 1049 1050 729 2564 2020
731 2554 725 2552 2553 2558 2556 2557 2555 2559 727 730 728 1053 2510 2509 726 704 2561
}

korean_region = {
732 733 2512 735 736 737 1013 1845
734 2516 2515 2514 2513 2511
}

japanese_region = {
1012 1014 1017 1018 1019 1020 1021 1023 1024 1025 1026 1027
1028 1029 1030 1031 1818 1819 1820 1825 1830
1832 1835 1837 1839 1843 1847 1852
}

new_zealand_region = {
1106 1107 1108 1109 1246 2879 2878 2880
}

australian_coast = {
1084 1085 1086 1087 1088 1089 1090 1091 1092 1093 1094
2098 2100 2103 2104 2105 2106 2107 2108 2877 2876 2099
2096 2101 2102 2117 2109 2097 1790 1791 2115 2114 2116 2113 2112 2111 2110
}

indonesian_region = {
617 618 2402 620 621 622 623 624 625 2412 627 2413 628 630 631 632 633 634 2095 636 637 638  639 2418
641 642 643 644 645 646 647 648 649 650 651 652 653 654 655 656 657 658 659
2399 2400 2403 2406 2407 2409 2405 619 2404 2408 2401 2410 2411 629 626 2414 2415
2416 635 2867 2860 2859 2861 2862 2864 2863 2425 2417 2009 640 2420 2429 2424 2422 2423 2421
2428 2427 2866 2865 2868 2426 2419 3089 3090 3091
}

indochinan_region = {
579 580 581 582 583 584 585 586 587 588 589 590 2374 592 593 594 595 596 597 598 599 600
601 602 604 603 605 606 607 608 609 1016 611 612 616 614 615 2384 2385 1022 1815 1817 1823 1844
2383 613 610 2387 2386 2388 2389 2390 2392 2391 2379 2381 2382 2380 2378 2377 2393
2376 2375 2394 2395 2398 2397 2396 2257 2258 2256 2255 2371 2259 2372 2370 2373 591
}

persian_region = {
412 413 414 417 426 2295 428 429 2290 431 432 433 2300 435 2297 445 446 447 575 576 577
2278 2279 2280 2283 2285 427 2284 2286 2288 2289 2291 2299 436 2287 430 2304
2303 2302 2187 2301 434 2298 2296 2294
}

baluchistan_region = {
2300 575 576
2302 2187 2301 434
}

khorasan_region = {
2295 431 432 435 2297 437 445 446
427 2299 436 2304 2303 2296 2294 2292 2293
}

afghanistan_region = {
446 447 448 449 450 451 2177 577
2304 2175 2178 2176 2174 2303
}

tabarestan_region = {
417 426 427
}

sistan_region = {
435 2304 2303
}

atlantic_ocean_islands = {
366 367 368 481 1095 1096 1098
}

mascarene_islands = {
1102 1103
}

pacific_ocean_islands = {
1235 1236 1237 1238 1239 1240 1241 1242 1243 1244 1245
1986 1987 1988 1989 1990 1991 1992 1993 1994 1995 1996 1997
2002 2869 2874 2873 2872 2871 2870 2875 1789
}

spice_islands = {
645 646 647 648 649 650
}

malay_peninsula_region = {
594 595 596 597 598 599 2398 2397
}

borneo_region = {
636 637 638 639 2418 2425 2417 2009 640 2420 2429 2424 2422 2423 2421 2419 2426
}

sumatran_region = {
617 618 2402 620 621 622 623 2399 2400 2403 2406 2407 2405 619 2404 2401
}

javan_region = {
624 625 2412 627 2413 628 630 2410 2411 629 626 2414
}

armenian_region = {
331 419 2267 2152 2268 2270 418 
}

mesopotamian_region = {
2273 407 408 409 410 411 415 2269 2368 2271 2272 2274 2276 2277
}

syrian_region = {
364 365 377 378 379 380 381 382 2547 1849 2151 1855 2367 2548
}

hedjazi_region = {
383 384 385 2528 2529 2530 2531 2536 2535
}

yemeni_region = {
386 387 388 2540 390 391 401 402 1099 389 2539 2538 2537
}

omani_region = {
395 396 397 398 399 400 403 404 2543 2542 2541
}

nejdi_region = {
392 393 2275 2534 2533 2532 2545 2544 2130 394
}

azerbaijani_region = {
416 420 421 424 425 2282 2148 2281
}

caucasus = {
419 420 421 422 423 425 462 2260 1856 2124 2266 2261 2264 2263 463 2265 2267 2262
}

middle_east = {
392 393 2275 2534 2533 2532 2545 2544 2130 395 396 397 398 399 400 403 404 2543 2542 2541
386 387 388 2540 390 391 401 402 1099 389 2539 2538 2537 364 365 377 378 379 380 381 382
2547 1849 2151 1855 2367 2548 2273 405 406 407 408 409 410 411 415 2269 2368 2271 2272 2274 2276 2277
331 2268 2270 418 383 384 385 2528 2529 2530 2531 2536 2535 394 316 317 318 319 320 2369
2360 322 323 324 325 326 327 328 329 330 332 1846 1848 2365 2361 2363 2364 2366 2362 358
359 360 361 362 363 1231 1233 2527 2526 2524 2519 2523 2525 2004 357 2125 1779 1854 2546
}

central_asia = {
435 437 438 439 440 441 442 443 444 445 446 447 448 449
450 451 2177 453 454 455 456 457 458 2444 460 461 464 465 466 467 468 469
471 472 473 474 475 476 477 478 479 480 2887 715 2898 1965 1966 1971 1973 1970
1969 1967 1968 2446 2435 459 452 2263 436 2262 2304 2175 2178 2176 2174 2303 2296 2294
303 2436 2437 470 2438 2439 2440 2451 2449 2450 2442 2441 2448 2447 1066 2445 2888 714 
2434 2433 2432 2431 2430 2292 2293 2443 2616 2617 2619 2620 2840
}

########################################
# AFRICA                               #
########################################

west_african_coast = {
1111 1112 1113 1114 1118 1119 1126 1139 1141 1147 1151 1163 1164 1165 1166 1167 1168 1097
2311 2313 2359 2332 2339 2015 2016
}

south_africa = {
2854 2597 2849 1172 1174 1175 1176 1177 1178 1179 1180 1181 1182 1183 1184 2852 1186 1191 1187 2851 1190
1189 1192 1193 1194 1792 2848 2595 2847
2853 1188 1185 2850 2028 2026 2170 2025 1173 2169 2168 1801 2024 2126 2031 2572 2596 2023 2021 2022
}

central_africa = {
2664 1097 1112 1113 1114 1115 1116 1117 1118 1119 1120 1121 1122 1123 2316 1125 1126 1128 1129 1130 1131 1132 1133 1134 1135 1136 1137 1138
1139 1140 1141 1142 1143 1144 1145 1146 1147 1148 1149 1150 1151 1152 1153 1154 1155 1156 1160
1158 1159 2041 1161 1162 1163 1164 1165 1166 1167 1169 2037 1171 1195 1196 1197 1198 1199
1200 1201 1202 1203 1204 1249
2310 2312 2311 2309 2313 2359 2306 2305 2314 2308 2307 2315 2317 2319 2318 2327 1124
2334 2331 2335 2333 2332 2321 2320 2322 2325 2323 2324 2330 2329 2328 2349 2348 2350
2347 2352 2351 2053 2049 2353 2356 2342 2354 2344 2343 2355 2345 1157 2346 2065 2358
2357 2340 2339 2338 2337 2341 2336 2708 2046
2059 2164 2846 1168 1170 #New Kongo
1793 1796 2048 2056 2594 2054 2015 2016 2326 2042 2066 2158 2157 2129 2043 2796 2669 2670
2045 2064 2038 2040 2159 2039 2128 2845 1797 2057 2033 2173 2172 2058 2161 2160 2032
2036 2153 2150 2709 1798 2167 2165 2035 2034 2166 2030 2855 2856 2029 1799 1800 2163
2127 2162 2027 2171
}

north_africa = {
358 359 360 361 362 363 1231 1233 2527 2526 2524 2519 2523 2525 2004 357 #Egypt
1216 2051 2047 1220 1221 1222 1225 1226 1229 1228 1230 1232 #Sudan
1234 2520 2521 2324#Upper Egypt
334 335 2568 343 344 345 346 347 348 349 1110 1751 2573 2571 2011 2569 2570 342 2566 2567 #Morocco
336 337 338 339 340 350 351 1882 2580 2579 2578 2577 2576 2575 2574 2581 #Algeria
341 352 353 354 355 2055 2588 2587 2589 2586 2585 2583 2582 2584 #Tunisia, Fezzan & Tripolitania
356 2517 2518 #Cyrenaica
1111 1127 #Arguin & Tuat
2592 #Sahara
2593 2667 2668 2666 1219 2665
2565 2061 2063 2062 2050 2052 2590 2591 1794 1795
}

egypt_region ={
358 359 360 361 362 363 1231 1233 1234 2527 2526 2524 2519 2523 2525 2520 2521 2004 2522 357
}

arab_region = {
358 359 360 361 362 363 1231 1233 2527 2526 2524 2519 2523 2525 2004 357 #Egypt
2273 407 408 409 410 411 415 2269 2368 2271 2272 2274 2276 2277 #Mesopotamia
364 365 377 378 379 380 381 382 2547 1849 2151 1855 2367 2546 2548 #Syria
383 384 385 1854 2528 2529 2530 2531 2536 2535 #Hedjaz
392 393 1779 2275 2534 2533 2532 2545 2544 2130 394 #Nejd
395 396 397 398 399 400 403 404 405 406 2543 2542 2541 #Oman
386 387 388 2540 390 391 401 402 1099 389 2539 2538 2537 #Yemen
}


moroccan_region = {
334 335 2568 343 344 345 346 347 348 349
1110 1751 2573 2571 2011 2569 2570 342 2566 2567
}

algerian_region = {
336 337 338 339 340 350 351 1882
2580 2579 2578 2577 2576 2575 2574 2581
}

tunisian_region = {
341 352 353 354
2589 2586 2585 2583 2582 2584
}

tripoli_region = {
353 354 355
2588 2587 2589 2586
}

cyrenaica_region = {
356 2517 2518
}

saharan_region = {
2055 2592 2048
}

kongo = {
1166 1167 1169 2037 1171 2059 2164 2846 1168 1170
}

funj_spawning_region = {
1216 2047 1221 1222 1225
2593 2667 2668 2666 1219 2665
}

senegambia = { 
1112 1113 1115 1116 2310 2311 2309 2015
}

ashanti_region = {
1138 2333 
}

manding = {
1121 1122 2316 2315 
}

niger_delta = {
1120 1123 1131 1132 1134 2317 2319 2321 2320 2322 2323 
}

kodugu = {
2306 2305 2314 2308 2307
}

volta_basin = {
1135 1136 1137 1138 1139 2327 2334 2335 2333 2332 2330 2329 2328
}

lower_niger = {
1140 1141 1143 1144 1145 1146 1147 1151 1152 1153 1163 2340 2339 2338 2337 2336 2016
}

hausaland = {
1148 1149 1150 1154 1155 2354 2344 2343
}

middle_niger = {
1133 1142 2325 2324 2349 2348 2350
}

lake_chad = {
1160 1158 1159 2041 2355 2345 1157 2346 2065 2358 2357
}

southern_sahara = {
1128 1129 1130 1156 2347 2352 2351 2053 2049 2353 2356 
}

timbuktu_region = {
1128 1129 1132 2307
}

guinean_coast = {
2313 1118 2359 1119 1126
}

banaadir_region = {
1205 2696 2697 2707 2704 2703 2705 2706 2702 2147 2701 1206 2698 2694 2700 2695 2699
}

haud_region = {
1207 2689 2687 1208 2684 2691
}

kaffa_region = {
2044 2683 1218 2682 1217
}

tigray_region = {
2673 1230 2672 1227 2671
}

amhara_region = {
2678 1223 1224 2679 2674 2675 2681 2680 2676 2677 2685 1210 2686 1213
}

maakhir_region = {
1214 1215 1211 1212 2003 2688 2690 1209 2692 2693
}

oromo_spawn_region = {
1207 2687 2044 1210 2686 2684
}


########################################
# NORTH AMERICA                        #
########################################

greenland_region = {
1104 1105 1804 2090
}

northern_america = {
910 911 912 913 914 915 944 945 982 983 984 985 986 987 988 989
990 991 992 993 994 995 996 997 998 999 1000 1001 1002 1003 1004
1005 1006 1007 1008 1009 1010 1011 1813 2137 2141 2140 2949 2950
2988 2987 3021 3023 3025 3010 3011 3012 3024 3016 3015 3017
3014 3013 3026 3007 3008 3009 3005 3006 3022 3027 3028 3029 3030
3032 3033 3034 3062 2086 3035 3020 3019
3038 3039 2087 1811 1812 1806 3031 2089 1805 1807 2093
}

northeastern_america = {
938 950 953 957 962 965 966 967 968 3001 971 980 981 982 983 984 985 3002 2135 952 3005 3006 3007 3009 2974 2977 2980 2993 956 2994 2996 2997 3003 3018
}

eastern_america = {
923 924 925 928 927 926 929 930 931 932 933 935 936 937 949 951  954 955 958 963 959 960 961 964 969 2136 2146 2963 2966 2965 2964 2968 2969 2967 2970 2971 2972 2973 2976 2975 2978 2979 2982 2981 2992 2989 2990 2991 2995 2998 970 2999 3000 2138 
}

western_america = {
867 868 869 870 871 875 876 877 878 879 880 881 2143 2921 2925 2922 2923 2924 2926 2930 2933 2931 2932 2934 2935 1808 2079 2080 2082 2083 2084 3055
}

northwestern_america = {
872 873 874 972 973 974 975 976 977 978 979 2131 2078 2081 2145 2926 2927 3053 2929 2928 3050 3051 3052 3054 3041 3042 3043 2091 3044 3046 3045 3049 3048 3047 1814 2088 1810
}

the_mississippi_region = {
893 895 910 911 912 913 914 915 916 917 918 919 920 921 922 934 939 940 941 942 943 944 945 946 947 948 2139 2956 2949 2950 2952 2953 2988 2987 2985 2984 2986 2983 2960 2959 2958 2957 2961 2962
}

great_plains = {
882 883 884 885 886 887 888 889 890 891 894 895 892 896 897 898 899 900 901 902 903 904 905 906 907 908
2092 2086 2144 2132 2133 2134 909 2141 1809 2094 2142 2936 2937 2939 2940 3056 3057 3058 3059 3060 2085 2946 2947 2943 2948 2951 2954 2955 3061 3062 3035 3037 3036 3040 2941 2938 2942 2945 2944
}

the_thirteen_colonies = {
929 931 932 933 935 936 937 938 949 950 951 952 953 955 956 957 962 963 965 966 967 968
3001 971 3002 2135 2136 2146 2983 2967 2970 2971 2972 2973 2976 2975 2974 2977 2978 2979 2980 2982 2981 2992 2993 2989 2990 2991 2995 2998 2996 2997 970 3000 2138 3003 2994
}

central_america = {
835 836 837 838 839 840 841 842 843 844 845 846 847 848 849 850 2655 852 853 854 855 856 857 858
859 860 861 862 863 864 865 866 2915 2661 2919 2913 2918 2916 2920 2658 2659 2654 851 2660 2653
2648 2646 2645 2644 2640 2637 2635 2641 2634 2632 2642 2630 2663 2662 2656 2650 2651 2647 2649
2652 2643 2639 2638 2636 2633 2657 2628 2629 2631 2627 2710 2917 2914
}

acadia_region = {
971 982 983 984 985 986 3003 3004 3005 3006 3007 3008 3009
}

new_england_region = {
	966 967 968 969 970 971 2135 2138 2996 2997 2999 3000 3001 3002 3003
}

newfoundland_region = {
980 981 3018
}

canada_region = {
986 987 988 989 990 991 992 993 994 995 996 1001 1007 2137 2140 3016 3015 3017 3014 3013 3026 3010 3011 3012 3024 3022 3023 3021 3025
}

st_lawrence_region = {
910 911 914 915 944 945 946 947 954 958 959 960 961 986 987 988 989 990 991 992 993 994 995 996 1001 1007 2137 2140 2988 2987 2998 2999 3016 3015 3017 3014 3013 3026 3010 3011 3012 3024 3022 3023 3021 3025 
}

hudson_bay_region = {
998 999 1000 1002 1003 1004 1005 1006 1008 1009 1010 1011 1813 2092 2086 2141 2142 2094 3062 3027 3028 3029 3030 3032 3033 3034 3035 3037 3036 3038 3039 2087 3040 3041 1811 1806 3031 2089 1805 1807 2093
}

mesoamerica_region = {
839 841 842 843 844 845 846 847 848 849 850 2655 852 853 854 2913 2658 2659 2654 851 2660 2653 2648 2646 2645 2644 2640 2637 2635 2641 2634 2632 2642 2630 2663 2662 2656 2650 2651 2647 2649 2652 2643 2639 2638 2636 2633 2657 
}

yucatan_region = {
2637 2635 2638 2636
}

columbia_region = {
873 874 973 2131 2078 2927 3053 2929 2928 3050 3051 3052 3054 3042 3043 2091 3044 
}


########################################
# SOUTH AMERICA                        #
########################################

the_carribean = {
482 483 484 485 486 487 488 489 490 491 492 493 494 495 496 497 498 499 500 501 502 1881 2624 2625 2626 2622 2623
}

the_andes = {
787 791 792 1742 794 2738 796 2740 805 2736 2765 2766 2737 2743 793 2763 2744 795 797 798 2739 #Qullasuyu
802 804 2741 2731 #Antisuyu
806 807 808 2730 2729 2728 #Kuntisuyu
809 810 811 812 813 814 816 817 819 820 2718 2719 2720 2723 2721 2724 2726 2725 2722 #Chinchaysuyu
783 784 2745 2746 2742 #Chile
}

the_spanish_main = {
828 829 2712 #New Andalucia
741 2830 743 830 831 834 2828 742 2829 2835 2834 2833 2832 2069 2836 2831 #Venezuela
822 823 824 825 826 827 832 833 2715 2716 2717 2713 2714 #New Granada
835 836 838 2628 2627 2710 2711 #Castilla Del Oro
}

guyana_region = {
2830 743 744 2826 746 2828 742 2827 745 2819
}

venezuela_region = {
741 2830 743 830 831 834 2828 742 2829 2835 2834 2833 2832 2069 2836 2831
}

new_andalucia_region = {
828 829 2712
}

castilla_del_oro_region = {
835 836 838 2628 2627 2710 2711
}

new_granada_region = {
822 823 824 825 826 827 832 833 2715 2716 2717 2713 2714
}

quito_region = {
2067 816 817 818 819 820 821 2718
}

amazonas = {
747 748 758 800 803 2067 821 822 2069 2716 2717 2723 2728 2733 2732 775 2071 2818 2073 2788 
2787 2786 2789 2790 767 2791 2801 2802 2072 2803 2792 2804 2817 2075 2827 2822 2074 2820 2722 2727 
750 2068 2070 815 2821 1802 2824 2076 1803 2823 2825
}

chile_region = {
783 784 787 792 1742 796 2743 793 2744 2745 2746 2742
}

bolivia_region = {
2738 2740 800 801 802 803 2741 2733 2732 2734 2736 2737 795 797 798 2739 2731
}

qullasuyu_region = {
787 791 792 1742 794 2738 796 2740 805 2736 2765 2766 2737 2743 793 2763 2744 795 797 798 2739 2742
}

antisuyu_region = {
802 804 2741 2731
}

kuntisuyu_region = {
806 807 808 2730 2729 2728
}

chinchaysuyu_region = {
809 810 811 812 813 814 816 817 819 820 2718 2719 2720 2723 2721 2724 2726 2725 2722
}

paraguay_region = {
776 2777 799 2735 2778
}

la_plata_region = {
 2748 2747 782 2752 2753 2751 781 780 2749 3063 #Patagonia
785 2763 2762 788 2757 2754 2750 2755 2756 #Cuyo
779 2759 789 786 2758 #Southern Pampas
2769 778 2761 777 2760 2770 2771 2775 2776 #Buenos Aires
791 794 2765 2766 2764 #Tucoman
790 2768 2767 #Chaco
}

pampas_region = {
772 773 778 779 777 2760 2773 2772 2774 2759 789 786 2758
}

patagonia_region = {
2748 2747 782 2752 2753 2751 781 780 2749 3063
}

cuyo_region = {
785 2763 2762 788 2757 2754 2750 2755 2756
}

southern_pampas_region = {
779 2759 789 786 2758 
}

buenos_aires_region = {
2769 778 2761 777 2760 2770 2771 2775 2776 789
}

tucuman_region = {
791 794 2765 2766 2764
}

chaco_region = {
790 799 2768 2767 2735 2778
}

banda_oriental_region = {
772 773 2773 2772 2774
}

brazil_region = {
771 2779 770 2780 #Rio Grande
759 765 2800 2793 2794 2796 2795 #Minas Gerais
758 767 2791 2801 2802 2072 2803 2792 #Goias
2785 775 2784 2073 2788 2787 2786 2789 2790 774 #Mato Grosso
766 768 769 2781 2782 2783 #Sao Paolo
762 763 764 #Rio De Janeiro
756 757 760 761 2807 2797 #Bahia
2811 751 753 2813 754 2806 2809 2808 2810 2798 2799 755 2812 #Pernambuco
749 752 2814 2804 2815 2805 750 2816 #Maranhao
747 748 2071 2818 2070 2817 2075 2822 2074 2820 2819 #Grao-Para
}

rio_grande_do_sol_region = {
771 2779 770 2780
}

minas_gerais_region = {
759 765 2800 2793 2794 2796 2795
}

goias_region = {
758 767 2791 2801 2802 2072 2803 2792
}

mato_grosso_region = {
2785 775 2784 2073 2788 2787 2786 2789 2790 774
}

sao_paolo_region = {
766 768 769 2781 2782 2783
}

rio_de_janeiro_region = {
762 763 764
}

bahia_region = {
756 757 760 761 2807 2797
}

pernambuco_region = {
2811 751 753 2813 754 2806 2809 2808 2810 2798 2799 755 2812
}

maranhao_region = {
749 752 2814 2804 2815 2805 750 2816
}

grao_para_region = {
747 748 2071 2818 2070 2817 2075 2822 2074 2820 2819 2821
}

########################################
# India                         #
########################################

hindustan_region = {
522 523 524 555 556 559 2240 2235 2192 2237 2191 2236 2238 2241 2234
}

punjab_region = {
506 507 510 578 2190 2189 2181 2180 2182 2183 2184
}

bengal_region = {
561 562 563 564 567 568 2248 2249 2245 2250 2247 2254
}

bihar_region = {
558 2244 2242
}

jharkhand_region = {
560 2246 551
}

gondwana_region = {
2206 550 546 547 2227 2233 2207
}

orissa_region = {
552 2232 2230 553 2231 2229 
}

telingana_region = {
2224 2226 542
}

andhra_region = {
2223 549 1949 543 2228 2222
}

coromandel_region = {
536 539 540 2223 2218 543 2215
}

konkan_region = {
529 530 2212 2213 531 2210
}

kerala_region = {
534 535 537
}

malwa_region = {
526 2204 2205 740
}

rajputana_region = {
512 513 514 2198 519 520 525 528 518 2194 2195 2197 2196 
}

sindh_region = {
504 2186 2185 505 2188
}

tamil_region = {
536 538 539 540 2219 2218 2220 1947 2215
}

karnataka_region = {
2212 532 533 541 569 1948 2213 2221 2214 2211 2225 
}

maharashtra_region = {
527 529 530 544 545 546 548 1946 531 2209 2208 2210
}

assam_region = {
566 570 571 573 2252 2253 2251 1950
}

himalayas_region = {
509 511 554 557 565 2193 2239 2243  
}

kashmir_region = {
2122 508 2179
}

lanka_region = {
572 2217 2216
}

gujarat_region = {
503 2200 516 517 521 2201 515 2199 2202 2203
}

indian_ocean_islands = {
572 574 1099 1100 1101 1248 1998 1999 2217 2216
}

indian_region = {
522 523 524 555 556 559 2240 2235 2192 2237 2191 2236 2238 2241 2234 #Hindustan
506 507 510 578 2190 2189 2181 2180 2182 2183 2184 #Punjab
561 562 563 564 567 568 2248 2249 2245 2250 2247 2254 #Bengal
558 2244 2242 #Bihar
560 2246 551 #Jharkhand
2206 550 547 2227 2233 2207 #Gondwana
552 2232 2230 553 2231 2229 #Orissa
2224 2226 542 #Telingana
2223 549 1949 543 2228 2222 #Andhra
534 535 537 #Kerala
526 2204 2205 740 #Malwa
512 513 514 2198 519 520 525 528 518 2194 2195 2197 2196 #Rajputana
504 2186 2185 505 2188 #Sindh
536 538 539 540 2219 2218 2220 1947 2215 #Tamil Country
2212 532 533 541 569 1948 2213 2221 2214 2211 2225 #Karnataka
527 529 530 544 545 546 548 1946 531 2209 2208 2210 #Maharashtra
566 570 571 573 2252 2253 2042	#Assam
509 511 554 557 565 2193 2239 2243  #Himalayas
2122 508 2179 #Kashmir
572 2217 2100	#Lanka
503 2200 516 517 521 2201 515 2199 2202 2203 #Gujarat
}

indian_coast = {
503 504 2200 516 517 521 2201 515 2202 2203 # Gujarat + Sindh
529 530 2212 2213 531 2210 #Konkan
534 535 537 #Kerala
572 2217 2216 #Lanka
536 539 540 2223 2218 543 2215 #Coromandel
549 552 561 564 568 2248 2249 2230 2229 2228 #Coasts of Bengal, Andhra and Orissa
}

########################################
# Greater China                 #
########################################

outer_manchuria = {
2909 2560 2562 1850 2563 1049 1050 729 2564 2561
}

inner_manchuria = {
731 2554 725 2552 2553 2558 2556 2557 2555 2559 727 730 728 1053 2510 2509 726 704
}

inner_mongolia = {
722 723 2549 701 709 724 2550 2551 2886 702
}

outer_mongolia = {
2893 2889 2892 2891 721 720 2890 718 719 716 2898 1058 717
}

tarim_basin = {
2882 2885 2884 2881 2883 712 739 710 711 1784 1785 1786
}

zungaria = {
2888 714 2887 715 713
}

tibet = {
2453 676 2455 677 2456 2458 706 678 2459 705 2457 2454 2460 1787 2452 1788
}

north_zhili = {
696 2502 703 1816 692 695
}

shandong = {
2500 690 2501 691 2499 2019
}

south_zhili = {
2495 685 2496 2494 2497 2482 2483 2498 1821 1822 1838 686
}

zhejiang = {
2481 2480 2479 684 1824
}

jiangxi = {
2484 683 670 1833
}

fujian = {
2478 2477 669 1829
}

taiwan = {
2858 2857 738
}

guangdong = {
2476 2475 2474 2471 2472 665 666 667 668 2014 2470
}

guangxi = {
2473 664 2469 1840 663
}

yunnan = {
2467 2466 2465 662 2468 660 661
}

sichuan = {
673 2489 2464 680 679 2488 675
}

huguang = {
2490 681 2486 2485 682 671 2491 672
}

henan = {
687 2493 2503 688 1836 2492
}

shanxi = {
693 2504 697 2505 694
}

shaanxi = {
2506 2508 2507 2462 2463 2461 700 689 698 699 708 707
}

guizhou = {
2487 674
}

chinese_region = {	#China Proper
696 2502 703 1816 692 695 2500 690 2501 691 2499 2495 685 2496 2494 2497 2482
2483 2498 1821 1822 1838 686 2481 2480 2479 684 1824 2484 683 670 1833 2478 2477 
669 1829 2858 2857 738 2476 2475 2474 2471 2472 665 666 667 668 2470 2473 664 
2469 1840 663 2467 2466 2465 662 2468 660 661 673 2489 2464 680 679 2488 2490 681
2486 2485 682 671 2491 672 687 2493 2503 688 1836 2492 693 2504 697 2505 694 2506 
2508 2507 2462 2463 2461 700 689 698 699 708 707 2487 674 675 2014
}

chinese_coast = {
666 667 668 669 684 2498 2499 695 704 726 2509 1816 2500 690 685 2497 1822 2481 2480  
1824 1829 2858 2857 738 2476 2475 2471 2472 2470 2014
}

eastasian_trade_ports = {
503 504 2200 516 517 521 529 530 2212 534 535 536 537 539 540 2223 549 552 561 564 568 572 579 586 590 2374 592
593 594 595 596 597 598 599 600 603 604 605 606 607 1016 616 2384 617 618 2402 620 621 622 623 624 625 2412 627
2413 628 630 666 667 668 669 684 2498 2499 695 704 726 738 2385 1022 1815 1816 1822 1824 1829 2218 2213 531
2248 2249 2230 2201 515 2202 2229 543 2228 2210 2217 2216 2215 2509 2500 690 685 2497 2481 2480 2858
2857 2476 2475 2471 2472 2470
613 610 2387 2388 2389 2391 2393 2394 2395 2398 2397 2396 2370 2373 591 2014
}

east_asian_cot = {
596 630 667 1020 1821
}

steppes = {
284 286 287 288 303 464 466 467 468 469 474 475 1081 1971 1974 2436 2437 2607 2612 2610 2609 2611 2615 2618 2616
2617 2619 2620 2614
}

fulo_spawning_region = {
1112 1115 1116 1120 2310 2312 2309 2306 2305 2314
}
